    jp       jt jm           time    lambda1               lambda2               lambda3               lambda4
 -----------------------------------------------------
     0        0  1         0.0000   0.692619   0.000000   0.054502   0.162036   0.054502  -0.162036  -0.992005   0.000000
     0        0  2         0.0000   2.682617   0.000000  -0.417252   0.300304  -0.417252  -0.300304  -2.294250   0.000000
     0        0  3         0.0000   4.810607   0.000000  -0.293871   0.000000  -2.737191   1.177108  -2.737191  -1.177108
     0        0  4         0.0000   7.056085   0.000000  -0.264061   0.000000  -4.258467   2.782432  -4.258467  -2.782432
     0        0  5         0.0000   9.395502   0.000000  -0.254309   0.000000  -5.944560   4.450017  -5.944560  -4.450017
     0        0  6         0.0000  11.812147   0.000000  -0.249779   0.000000  -7.794533  -6.236423  -7.794533   6.236423
     1       20  1        50.4302   0.692620   0.000000   0.054497   0.162043   0.054497  -0.162043  -0.991992   0.000000
     1       20  2        50.4302   2.682609   0.000000  -0.417276   0.300302  -0.417276  -0.300302  -2.294197   0.000000
     1       20  3        50.4302   4.810594   0.000000  -0.293876   0.000000  -2.737190   1.177220  -2.737190  -1.177220
     1       20  4        50.4302   7.056070   0.000000  -0.264067   0.000000  -4.258473   2.782534  -4.258473  -2.782534
     1       20  5        50.4302   9.395485   0.000000  -0.254315   0.000000  -5.944578   4.450130  -5.944578  -4.450130
     1       20  6        50.4302  11.812129   0.000000  -0.249785   0.000000  -7.794566  -6.236552  -7.794566   6.236552
     2       40  1        61.0990   0.692621   0.000000   0.054473   0.162079   0.054473  -0.162079  -0.991924   0.000000
     2       40  2        61.0990   2.682556   0.000000  -0.417394   0.300308  -0.417394  -0.300308  -2.293915   0.000000
     2       40  3        61.0990   4.810510   0.000000  -0.293914   0.000000  -2.737162   1.177783  -2.737162  -1.177783
     2       40  4        61.0990   7.055963   0.000000  -0.264107   0.000000  -4.258478   2.783042  -4.258478  -2.783042
     2       40  5        61.0990   9.395360   0.000000  -0.254354   0.000000  -5.944634   4.450694  -5.944634  -4.450694
     2       40  6        61.0990  11.811990   0.000000  -0.249825   0.000000  -7.794690  -6.237188  -7.794690   6.237188
     3       60  1        67.4736   0.692620   0.000000   0.054425   0.162154   0.054425  -0.162154  -0.991785   0.000000
     3       60  2        67.4736   2.682443   0.000000  -0.417633   0.300327  -0.417633  -0.300327  -2.293341   0.000000
     3       60  3        67.4736   4.810331   0.000000  -0.293996   0.000000  -2.737100  -1.178923  -2.737100   1.178923
     3       60  4        67.4736   7.055736   0.000000  -0.264190   0.000000  -4.258480   2.784069  -4.258480  -2.784069
     3       60  5        67.4736   9.395094   0.000000  -0.254438   0.000000  -5.944735   4.451834  -5.944735  -4.451834
     3       60  6        67.4736  11.811690   0.000000  -0.249908   0.000000  -7.794923  -6.238474  -7.794923   6.238474
     4       80  1        71.8750   0.692618   0.000000   0.054352   0.162269   0.054352  -0.162269  -0.991570   0.000000
     4       80  2        71.8750   2.682265   0.000000  -0.417999   0.300363  -0.417999  -0.300363  -2.292455   0.000000
     4       80  3        71.8750   4.810048   0.000000  -0.294126   0.000000  -2.736996   1.180668  -2.736996  -1.180668
     4       80  4        71.8750   7.055375   0.000000  -0.264322   0.000000  -4.258472   2.785641  -4.258472  -2.785641
     4       80  5        71.8750   9.394669   0.000000  -0.254569   0.000000  -5.944876   4.453578  -5.944876  -4.453578
     4       80  6        71.8750  11.811212   0.000000  -0.250039   0.000000  -7.795263  -6.240439  -7.795263   6.240439
     5      100  1        75.2590   0.692613   0.000000   0.054251   0.162428   0.054251  -0.162428  -0.991272   0.000000
     5      100  2        75.2590   2.682017   0.000000  -0.418502   0.300416  -0.418502  -0.300416  -2.291233   0.000000
     5      100  3        75.2590   4.809652   0.000000  -0.294308   0.000000  -2.736846   1.183061  -2.736846  -1.183061
     5      100  4        75.2590   7.054868   0.000000  -0.264506   0.000000  -4.258450   2.787798  -4.258450  -2.787798
     5      100  5        75.2590   9.394074   0.000000  -0.254752   0.000000  -5.945057   4.455969  -5.945057  -4.455969
     5      100  6        75.2590  11.810538   0.000000  -0.250222   0.000000  -7.795713  -6.243133  -7.795713   6.243133
     6      120  1        78.0603   0.692605   0.000000   0.054119   0.162637   0.054119  -0.162637  -0.990879   0.000000
     6      120  2        78.0603   2.681685   0.000000  -0.419161   0.300490  -0.419161  -0.300490  -2.289622   0.000000
     6      120  3        78.0603   4.809124   0.000000  -0.294551   0.000000  -2.736640   1.186190  -2.736640  -1.186190
     6      120  4        78.0603   7.054191   0.000000  -0.264750   0.000000  -4.258409   2.790621  -4.258409  -2.790621
     6      120  5        78.0603   9.393275   0.000000  -0.254995   0.000000  -5.945274   4.459097  -5.945274  -4.459097
     6      120  6        78.0603  11.809634   0.000000  -0.250464   0.000000  -7.796278  -6.246654  -7.796278   6.246654
     7      140  1        80.4885   0.692593   0.000000   0.053950   0.162904   0.053950  -0.162904  -0.990374   0.000000
     7      140  2        80.4885   2.681255   0.000000  -0.420003   0.300589  -0.420003  -0.300589  -2.287556   0.000000
     7      140  3        80.4885   4.808437   0.000000  -0.294864   0.000000  -2.736365   1.190169  -2.736365  -1.190169
     7      140  4        80.4885   7.053310   0.000000  -0.265064   0.000000  -4.258338   2.794212  -4.258338  -2.794212
     7      140  5        80.4885   9.392234   0.000000  -0.255308   0.000000  -5.945528   4.463075  -5.945528  -4.463075
     7      140  6        80.4885  11.808454   0.000000  -0.250776   0.000000  -7.796966  -6.251131  -7.796966   6.251131
     8      160  1        82.6033   0.692575   0.000000   0.053726   0.163260   0.053726  -0.163260  -0.989699   0.000000
     8      160  2        82.6033   2.680674   0.000000  -0.421118   0.300731  -0.421118  -0.300731  -2.284799   0.000000
     8      160  3        82.6033   4.807506   0.000000  -0.295286   0.000000  -2.735977  -1.195413  -2.735977   1.195413
     8      160  4        82.6033   7.052111   0.000000  -0.265487   0.000000  -4.258211   2.798951  -4.258211  -2.798951
     8      160  5        82.6033   9.390814   0.000000  -0.255729   0.000000  -5.945816   4.468320  -5.945816  -4.468320
     8      160  6        82.6033  11.806840   0.000000  -0.251195   0.000000  -7.797815  -6.257031  -7.797815   6.257031
     9      180  1        84.5272   0.692547   0.000000   0.053450   0.163699   0.053450  -0.163699  -0.988860   0.000000
     9      180  2        84.5272   2.679936   0.000000  -0.422485   0.300925  -0.422485  -0.300925  -2.281383   0.000000
     9      180  3        84.5272   4.806322   0.000000  -0.295819   0.000000  -2.735462  -1.201808  -2.735462   1.201808
     9      180  4        84.5272   7.050582   0.000000  -0.266018   0.000000  -4.257995   2.804736  -4.257995  -2.804736
     9      180  5        84.5272   9.388997   0.000000  -0.256256   0.000000  -5.946088   4.474717  -5.946088  -4.474717
     9      180  6        84.5272  11.804769   0.000000  -0.251720   0.000000  -7.798748  -6.264220  -7.798748   6.264220
    10      200  1        86.3041   0.692506   0.000000   0.053113   0.164235   0.053113  -0.164235  -0.987823   0.000000
    10      200  2        86.3041   2.679009   0.000000  -0.424147   0.301184  -0.424147  -0.301184  -2.277180   0.000000
    10      200  3        86.3041   4.804829   0.000000  -0.296485   0.000000  -2.734779   1.209528  -2.734779  -1.209528
    10      200  4        86.3041   7.048646   0.000000  -0.266680   0.000000  -4.257652   2.811728  -4.257652  -2.811728
    10      200  5        86.3041   9.386687   0.000000  -0.256912   0.000000  -5.946306   4.482441  -5.946306  -4.482441
    10      200  6        86.3041  11.802128   0.000000  -0.252373   0.000000  -7.799732   6.272889  -7.799732  -6.272889
    11      220  1        87.9941   0.692446   0.000000   0.052709   0.164882   0.052709  -0.164882  -0.986559   0.000000
